      1 FREQ
      3 0.998
      7 0.999
     38 0.997
    103 0.996
    105 0
    209 0.995
    214 0.001
    242 0.993
    253 0.994
    396 0.992
    543 0.9911
    623 0.9901
    841 0.9891
    945 0.002
    947 0.9881
   1010 0.9871
   1175 0.9861
   1288 0.9831
   1432 0.9851
   1469 0.9791
   1529 0.9185
   1530 0.9264
   1547 0.9125
   1554 0.9105
   1556 0.9841
   1564 0.9503
   1573 0.9771
   1583 0.9563
   1596 0.9225
   1602 0.9304
   1608 0.9702
   1610 0.9364
   1612 0.9543
   1617 0.9573
   1619 0.9811
   1624 0.9205
   1629 0.9523
   1630 0.9602
   1633 0.9145
   1639 0.9473
   1641 0.9722
   1642 0.9324
   1647 0.9115
   1654 0.9314
   1673 0.9453
   1678 0.9334
   1682 0.9682
   1685 0.9433
   1686 0.9821
   1692 0.9712
   1695 0.8698
   1697 0.9294
   1700 0.9761
   1703 0.9135
   1705 0.9165
   1709 0.9801
   1711 0.9344
   1712 0.9463
   1716 0.9622
   1717 0.8986
   1720 0.9274
   1722 0.9354
   1737 0.9632
   1740 0.9483
   1741 0.9245
   1748 0.8877
   1749 0.8887
   1753 0.9751
   1754 0.9781
   1765 0.9414
   1767 0.9175
   1770 0.9443
   1771 0.8837
   1779 0.9742
   1782 0.8509
   1787 0.9592
   1788 0.9284
   1792 0.9374
   1793 0.9662
   1794 0.9254
   1801 0.9095
   1806 0.9513
   1808 0.9732
   1811 0.9652
   1812 0.9493
   1819 0.9672
   1821 0.8529
   1823 0.8917
   1834 0.9006
   1841 0.9036
   1842 0.9056
   1850 0.9085
   1859 0.9155
   1862 0.8559
   1863 0.8549
   1865 0.8946
   1866 0.8579
   1871 0.9692
   1875 0.9195
   1880 0.8867
   1881 0.8767
   1883 0.8956
   1884 0.838
   1886 0.8966
   1887 0.9533
   1888 0.9583
   1889 0.9066
   1902 0.8658
   1903 0.8618
   1905 0.9553
   1907 0.8489
   1910 0.8638
   1915 0.8738
   1921 0.9642
   1924 0.8648
   1925 0.84
   1927 0.8628
   1928 0.8976
   1938 0.8469
   1939 0.841
   1941 0.8757
   1942 0.8748
   1945 0.8181
   1947 0.9404
   1952 0.8191
   1954 0.8569
   1957 0.8519
   1958 0.835
   1959 0.8907
   1962 0.8588
   1971 0.8598
   1977 0.8608
   1978 0.8807
   1982 0.8678
   1989 0.8857
   1990 0.7972
   1996 0.8201
   1997 0.8539
   2011 0.832
   2016 0.8728
   2017 0.8479
   2018 0.9016
   2020 0.8161
   2022 0.834
   2028 0.9394
   2035 0.9046
   2036 0.8439
   2038 0.8847
   2041 0.8499
   2054 0.8022
   2057 0.8936
   2065 0.8171
   2067 0.8429
   2068 0.8211
   2071 0.829
   2076 0.9026
   2077 0.825
   2078 0.833
   2088 0.827
   2089 0.8718
   2093 0.831
   2109 0.83
   2112 0.8082
   2114 0.8926
   2125 0.8449
   2130 0.8817
   2134 0.839
   2137 0.8131
   2138 0.836
   2146 0.8052
   2158 0.7992
   2159 0.8708
   2166 0.8777
   2169 0.837
   2176 0.7783
   2189 0.8459
   2191 0.8141
   2199 0.7942
   2202 0.7654
   2204 0.8419
   2206 0.7952
   2211 0.8091
   2212 0.7982
   2213 0.7565
   2215 0.8231
   2216 0.8032
   2217 0.826
   2220 0.8241
   2223 0.828
   2226 0.7386
   2237 0.7604
   2244 0.7773
   2254 0.7932
   2257 0.8042
   2260 0.7922
   2268 0.7704
   2269 0.7883
   2275 0.7584
   2279 0.7684
   2280 0.7903
   2284 0.7853
   2285 0.7396
   2291 0.7863
   2295 0.8002
   2298 0.7594
   2303 0.7694
   2306 0.7763
   2308 0.7873
   2309 0.7326
   2310 0.7048
   2313 0.8151
   2314 0.7535
   2317 0.7753
   2320 0.7813
   2324 0.7505
   2331 0.7495
   2333 0.7724
   2338 0.8012
   2342 0.7356
   2352 0.7734
   2353 0.8101
   2356 0.7962
   2360 0.7316
   2361 0.8121
   2367 0.7803
   2383 0.7406
   2391 0.7823
   2392 0.7207
   2400 0.7674
   2403 0.7306
   2413 0.7107
   2418 0.6928
   2419 0.7614
   2422 0.7893
   2428 0.7485
   2435 0.7237
   2450 0.7117
   2458 0.7366
   2466 0.7266
   2474 0.7634
   2480 0.7187
   2487 0.7555
   2491 0.6899
   2500 0.7416
   2502 0.7833
   2503 0.7217
   2518 0.7445
   2519 0.7455
   2522 0.7843
   2529 0.7276
   2537 0.6998
   2542 0.7157
   2544 0.7336
   2547 0.7624
   2548 0.7644
   2558 0.6382
   2560 0.7068
   2561 0.7425
   2562 0.7227
   2568 0.7127
   2570 0.7008
   2571 0.7435
   2577 0.7714
   2580 0.7793
   2581 0.7247
   2587 0.7346
   2588 0.6918
   2600 0.7197
   2606 0.664
   2615 0.674
   2622 0.6988
   2623 0.6948
   2626 0.6849
   2632 0.7097
   2636 0.7018
   2642 0.7028
   2643 0.7376
   2644 0.7525
   2645 0.003
   2647 0.6859
   2655 0.6978
   2658 0.6968
   2659 0.665
   2662 0.7078
   2665 0.7167
   2675 0.6392
   2685 0.7286
   2691 0.6521
   2718 0.666
   2728 0.6809
   2731 0.6889
   2734 0.6839
   2736 0.6491
   2737 0.6074
   2738 0.6829
   2742 0.6799
   2749 0.663
   2757 0.671
   2769 0.7147
   2773 0.6869
   2777 0.7296
   2780 0.6163
   2787 0.6938
   2814 0.7177
   2822 0.6909
   2827 0.6958
   2828 0.6511
   2838 0.6083
   2839 0.7058
   2840 0.669
   2841 0.66
   2843 0.6819
   2845 0.672
   2848 0.6004
   2852 0.6412
   2862 0.6262
   2866 0.6561
   2870 0.6421
   2873 0.6879
   2893 0.6431
   2894 0.67
   2896 0.6402
   2900 0.6471
   2907 0.6501
   2914 0.6581
   2915 0.6541
   2920 0.659
   2928 0.667
   2935 0.6322
   2938 0.6064
   2945 0.6372
   2948 0.5954
   2951 0.675
   2965 0.5795
   2969 0.5964
   2971 0.6233
   2974 0.662
   2982 0.6153
   2983 0.661
   2987 0.6451
   2997 0.6481
   3002 0.6362
   3003 0.668
   3006 0.673
   3012 0.6759
   3017 0.5805
   3018 0.6282
   3019 0.6183
   3021 0.6123
   3023 0.6054
   3024 0.6312
   3025 0.5974
   3028 0.6769
   3036 0.6352
   3038 0.6173
   3042 0.5825
   3055 0.6143
   3057 0.6193
   3060 0.5835
   3071 0.6441
   3073 0.6014
   3077 0.6133
   3079 0.6093
   3085 0.5586
   3089 0.6113
   3091 0.5746
   3095 0.5388
   3099 0.5736
   3102 0.5944
   3112 0.5895
   3135 0.6252
   3137 0.5845
   3139 0.5984
   3140 0.5865
   3148 0.5915
   3150 0.6103
   3160 0.5686
   3165 0.5596
   3171 0.5706
   3174 0.5656
   3193 0.6024
   3196 0.6213
   3200 0.6044
   3212 0.6243
   3223 0.6332
   3225 0.5924
   3244 0.5557
   3247 0.5885
   3249 0.5288
   3251 0.5457
   3258 0.5676
   3261 0.5994
   3285 0.6342
   3286 0.5775
   3288 0.5398
   3293 0.5785
   3300 0.5368
   3305 0.5507
   3310 0.5755
   3314 0.5905
   3315 0.5666
   3319 0.5855
   3321 0.5547
   3326 0.6292
   3337 0.5716
   3341 0.5696
   3353 0.5268
   3355 0.5258
   3360 0.5765
   3361 0.5278
   3368 0.5517
   3377 0.5487
   3379 0.5348
   3385 0.5437
   3389 0.5467
   3397 0.502
   3418 0.499
   3419 0.5318
   3423 0.5626
   3455 0.5726
   3457 0.5408
   3468 0.5427
   3469 0.5606
   3476 0.5646
   3487 0.5477
   3495 0.5179
   3504 0.5616
   3505 0.5249
   3507 0.5189
   3514 0.5636
   3517 0.5328
   3521 0.5209
   3529 0.5129
   3542 0.506
   3553 0.5159
   3600 0.504
   3610 0.501
   3612 0.505
   3615 0.5358
   3633 0.498
   3638 0.5308
   3640 0.5229
   3646 0.5527
   3650 0.5447
   3652 0.5199
   3668 0.4692
   3671 0.507
   3687 0.5338
   3688 0.497
   3698 0.5239
   3699 0.4811
   3704 0.4702
   3708 0.4821
   3745 0.5169
   3746 0.4801
   3757 0.4771
   3760 0.5089
   3766 0.4871
   3769 0.4652
   3783 0.4781
   3791 0.5219
   3798 0.503
   3799 0.4851
   3800 0.4563
   3807 0.4682
   3809 0.5109
   3812 0.4791
   3819 0.4543
   3829 0.5149
   3839 0.495
   3840 0.4722
   3846 0.4841
   3852 0.5119
   3856 0.4732
   3870 0.493
   3875 0.4891
   3876 0.4861
   3885 0.4831
   3887 0.4881
   3910 0.4612
   3915 0.508
   3927 0.4394
   3930 0.496
   3937 0.4672
   3939 0.4761
   3943 0.5139
   3959 0.4751
   3969 0.4632
   3971 0.4583
   3988 0.5099
   3993 0.4642
   3996 0.4354
   4002 0.492
   4018 0.4712
   4030 0.4901
   4047 0.4294
   4052 0.4602
   4078 0.4622
   4079 0.494
   4089 0.4503
   4092 0.4592
   4093 0.4433
   4096 0.4225
   4098 0.4533
   4099 0.4573
   4101 0.4414
   4103 0.4513
   4126 0.4423
   4132 0.4364
   4134 0.4483
   4138 0.4662
   4140 0.4085
   4153 0.4453
   4178 0.4284
   4182 0.4344
   4207 0.4463
   4216 0.4264
   4251 0.4185
   4252 0.4404
   4258 0.4195
   4260 0.4304
   4279 0.4274
   4297 0.3966
   4304 0.4254
   4329 0.4334
   4333 0.4125
   4348 0.4145
   4365 0.4235
   4366 0.4384
   4376 0.4324
   4397 0.4245
   4417 0.3917
   4418 0.3907
   4436 0.4076
   4440 0.3956
   4448 0.4443
   4456 0.4215
   4466 0.4155
   4474 0.3936
   4482 0.4374
   4489 0.4066
   4491 0.4165
   4501 0.4016
   4515 0.3807
   4516 0.3887
   4527 0.3926
   4532 0.4095
   4549 0.4205
   4557 0.3827
   4562 0.4046
   4570 0.4115
   4585 0.3867
   4587 0.3728
   4595 0.3738
   4599 0.3678
   4601 0.4135
   4604 0.3588
   4610 0.3847
   4626 0.4036
   4649 0.3996
   4650 0.3857
   4656 0.4314
   4661 0.4175
   4670 0.3976
   4675 0.3757
   4695 0.3748
   4702 0.3708
   4716 0.3668
   4719 0.3638
   4722 0.3986
   4724 0.3946
   4728 0.3598
   4742 0.3897
   4749 0.3658
   4754 0.3817
   4762 0.3837
   4777 0.3579
   4809 0.3529
   4812 0.3787
   4818 0.3569
   4853 0.4006
   4861 0.3608
   4862 0.3718
   4865 0.3459
   4881 0.3698
   4893 0.3797
   4904 0.3767
   4906 0.3877
   4907 0.3618
   4909 0.3688
   4921 0.3509
   4938 0.3241
   4954 0.3469
   4968 0.3549
   4976 0.333
   4977 0.3519
   4984 0.3439
   4988 0.3181
   5002 0.3559
   5006 0.3539
   5014 0.3449
   5024 0.33
   5026 0.3499
   5052 0.3171
   5074 0.3648
   5083 0.339
   5110 0.328
   5116 0.326
   5119 0.331
   5123 0.3628
   5129 0.341
   5146 0.332
   5158 0.3489
   5221 0.336
   5226 0.334
   5233 0.338
   5240 0.34
   5245 0.325
   5259 0.3479
   5268 0.3022
   5315 0.3151
   5322 0.3191
   5330 0.3161
   5348 0.335
   5356 0.327
   5372 0.3201
   5385 0.337
   5393 0.3429
   5403 0.3419
   5404 0.3211
   5453 0.004
   5456 0.3101
   5493 0.3072
   5519 0.3082
   5536 0.3231
   5538 0.329
   5540 0.3221
   5542 0.3032
   5560 0.3052
   5595 0.3131
   5602 0.3012
   5609 0.3062
   5618 0.2873
   5638 0.3002
   5655 0.2913
   5697 0.3091
   5709 0.3141
   5710 0.3042
   5759 0.2893
   5765 0.2942
   5785 0.2932
   5806 0.2992
   5835 0.3111
   5839 0.3121
   5863 0.2982
   5865 0.2972
   5869 0.2922
   5902 0.2962
   5920 0.2853
   5943 0.2863
   5966 0.2883
   5967 0.2952
   6042 0.2813
   6062 0.2773
   6075 0.2694
   6095 0.2644
   6129 0.2903
   6137 0.2823
   6142 0.2783
   6143 0.2614
   6177 0.2604
   6192 0.2744
   6193 0.2565
   6215 0.2803
   6256 0.2734
   6257 0.2654
   6266 0.2793
   6291 0.2684
   6319 0.2714
   6325 0.2594
   6331 0.2624
   6340 0.2664
   6346 0.2753
   6348 0.2704
   6370 0.2763
   6390 0.2674
   6435 0.2584
   6465 0.2833
   6472 0.2386
   6476 0.2515
   6479 0.2425
   6482 0.2545
   6538 0.2575
   6559 0.2634
   6563 0.2525
   6595 0.2724
   6633 0.2445
   6642 0.2416
   6651 0.2366
   6652 0.2535
   6656 0.2485
   6669 0.2495
   6674 0.2465
   6676 0.2843
   6683 0.2435
   6741 0.2306
   6756 0.2256
   6763 0.2505
   6782 0.2356
   6824 0.2376
   6829 0.2286
   6832 0.2276
   6838 0.2247
   6840 0.2207
   6842 0.2346
   6886 0.2316
   6915 0.2336
   6923 0.2296
   7005 0.2266
   7020 0.2455
   7094 0.2326
   7121 0.2058
   7203 0.2217
   7246 0.2406
   7297 0.2078
   7313 0.2237
   7325 0.2227
   7340 0.2157
   7350 0.2048
   7362 0.2147
   7377 0.2197
   7394 0.2127
   7410 0.1998
   7429 0.1948
   7462 0.2097
   7494 0.2137
   7495 0.1958
   7533 0.2087
   7541 0.2167
   7548 0.2396
   7551 0.2187
   7588 0.2117
   7648 0.1988
   7670 0.2107
   7722 0.2068
   7770 0.2038
   7803 0.1968
   7892 0.2028
   7931 0.1928
   7948 0.2177
   7994 0.1978
   8006 0.2018
   8018 0.2008
   8022 0.1918
   8060 0.1759
   8146 0.1889
   8258 0.1819
   8325 0.1869
   8397 0.1909
   8419 0.1799
   8441 0.1879
   8450 0.1938
   8451 0.175
   8469 0.1779
   8485 0.174
   8495 0.1849
   8538 0.1859
   8556 0.17
   8558 0.1789
   8601 0.1809
   8745 0.1769
   8764 0.1829
   8801 0.1899
   8826 0.172
   8838 0.1839
   8842 0.1571
   8872 0.171
   8900 0.173
   8935 0.169
   8952 0.1551
   8953 0.163
   9058 0.161
   9139 0.1561
   9167 0.1541
   9210 0.1581
   9220 0.1531
   9243 0.167
   9260 0.168
   9302 0.1501
   9319 0.1451
   9404 0.162
   9406 0.16
   9420 0.166
   9437 0.165
   9484 0.1521
   9502 0.164
   9522 0.1471
   9538 0.1372
   9613 0.159
   9662 0.1421
   9687 0.1461
   9694 0.1511
   9703 0.1392
   9724 0.1382
   9740 0.1441
   9864 0.1431
   9980 0.1491
   9991 0.005
  10118 0.1412
  10126 0.1481
  10138 0.1362
  10165 0.1402
  10219 0.1332
  10423 0.1342
  10463 0.1352
  10529 0.1322
  10561 0.1292
  10639 0.1282
  10938 0.1302
  10950 0.1262
  11010 0.1272
  11126 0.1243
  11153 0.1203
  11196 0.1153
  11227 0.1193
  11246 0.1233
  11307 0.1213
  11317 0.1183
  11334 0.1312
  11430 0.1223
  11471 0.1252
  11547 0.1143
  11571 0.1173
  11779 0.1163
  12034 0.1133
  12079 0.1113
  12103 0.1024
  12106 0.1103
  12149 0.1044
  12154 0.1123
  12206 0.1083
  12401 0.1093
  12526 0.1054
  12614 0.1034
  12695 0.1064
  12731 0.1074
  12784 0.0994
  12889 0.0954
  12907 0.0984
  12958 0.1014
  13095 0.0915
  13110 0.1004
  13214 0.0974
  13438 0.0895
  13473 0.0905
  13715 0.0924
  13834 0.0944
  13902 0.0964
  13919 0.0865
  13969 0.0934
  14016 0.0875
  14180 0.0885
  14410 0.0845
  14476 0.0835
  14727 0.0825
  14762 0.006
  14806 0.0855
  14889 0.0805
  14898 0.0775
  15053 0.0815
  15220 0.0755
  15247 0.0785
  15266 0.0795
  15555 0.0765
  15653 0.0736
  15823 0.0746
  16343 0.0716
  16591 0.0726
  16693 0.0676
  16811 0.0706
  16866 0.0686
  17427 0.0696
  17556 0.0646
  17654 0.0656
  17672 0.0666
  18539 0.0636
  18731 0.0616
  18943 0.0626
  19307 0.0606
  19548 0.0577
  19725 0.0586
  20039 0.0596
  20236 0.0567
  20482 0.0547
  20614 0.0537
  20811 0.007
  20825 0.0557
  21117 0.0517
  21264 0.0477
  21771 0.0527
  22028 0.0497
  22337 0.0507
  22383 0.0487
  22806 0.0467
  23509 0.0457
  23518 0.0447
  24363 0.0437
  25130 0.0427
  25331 0.0417
  25917 0.008
  25993 0.0408
  27540 0.0398
  27947 0.0388
  28515 0.0378
  28921 0.0358
  29701 0.0368
  29860 0.0348
  30509 0.0338
  31593 0.0089
  32679 0.0328
  33165 0.0318
  34208 0.0308
  36081 0.0298
  36918 0.0288
  37141 0.0099
  37593 0.0278
  38812 0.0268
  40293 0.0258
  40604 0.0249
  41528 0.0239
  41790 0.0109
  43018 0.0229
  44484 0.0219
  44828 0.0119
  45135 0.0209
  46077 0.0129
  46301 0.0199
  46857 0.0189
  47468 0.0139
  47835 0.0179
  48862 0.0169
  49103 0.0149
  49243 0.0159
