      1 FREQ
     16 0.997
     22 0
     60 0.001
     64 0.996
    101 0.994
    146 0.993
    157 0.995
    231 0.002
    233 0.992
    376 0.9901
    395 0.9911
    573 0.9891
    629 0.9881
    741 0.9871
    761 0.003
    880 0.9861
   1033 0.9831
   1045 0.9851
   1156 0.9791
   1204 0.9841
   1285 0.9821
   1304 0.9811
   1342 0.9771
   1405 0.9801
   1418 0.9105
   1421 0.9563
   1423 0.9185
   1433 0.9264
   1435 0.9722
   1443 0.9125
   1446 0.9473
   1456 0.9761
   1457 0.9702
   1465 0.9225
   1471 0.9573
   1480 0.9781
   1483 0.9602
   1486 0.9543
   1502 0.9304
   1504 0.9523
   1505 0.9145
   1513 0.9205
   1516 0.9364
   1522 0.9682
   1532 0.9115
   1533 0.9712
   1539 0.9453
   1540 0.9433
   1542 0.9622
   1543 0.9324
   1549 0.9314
   1551 0.9751
   1570 0.9334
   1574 0.9463
   1580 0.9632
   1592 0.9294
   1598 0.9662
   1600 0.9742
   1601 0.9165
   1615 0.9135
   1618 0.9732
   1620 0.9354
   1622 0.9483
   1623 0.8698
   1625 0.8996
   1628 0.9175
   1633 0.9652
   1634 0.9672
   1635 0.9423
   1637 0.9274
   1643 0.9235
   1651 0.9414
   1653 0.9612
   1663 0.8837
   1669 0.9592
   1677 0.8887
   1679 0.8877
   1682 0.9095
   1684 0.9384
   1686 0.8509
   1688 0.9692
   1692 0.9513
   1699 0.9284
   1702 0.9493
   1729 0.9036
   1740 0.8917
   1745 0.9006
   1750 0.8529
   1763 0.9583
   1764 0.8956
   1767 0.9155
   1768 0.9533
   1772 0.8946
   1775 0.9553
   1777 0.8549
   1778 0.9642
   1779 0.8966
   1785 0.8867
   1791 0.8767
   1798 0.8559
   1803 0.8827
   1804 0.8579
   1809 0.838
   1810 0.8658
   1814 0.8618
   1816 0.8638
   1820 0.8897
   1832 0.8648
   1835 0.9215
   1842 0.8519
   1850 0.8748
   1851 0.9076
   1853 0.8569
   1854 0.841
   1855 0.8489
   1857 0.8628
   1859 0.8757
   1862 0.8181
   1863 0.835
   1869 0.8907
   1871 0.84
   1875 0.8598
   1882 0.8588
   1883 0.8678
   1888 0.8469
   1889 0.8608
   1892 0.8688
   1897 0.8807
   1899 0.8191
   1903 0.7972
   1904 0.8668
   1905 0.9394
   1906 0.9046
   1928 0.8539
   1929 0.8728
   1937 0.8201
   1940 0.8161
   1943 0.8787
   1948 0.8479
   1949 0.834
   1954 0.832
   1955 0.8499
   1956 0.8847
   1963 0.8936
   1964 0.004
   1973 0.833
   1976 0.8022
   1977 0.9026
   1978 0.8171
   1985 0.829
   1997 0.8429
   1999 0.825
   2002 0.8718
   2007 0.8211
   2011 0.8926
   2021 0.827
   2030 0.831
   2042 0.8082
   2043 0.836
   2049 0.83
   2053 0.8449
   2058 0.8131
   2060 0.8052
   2063 0.8708
   2068 0.839
   2085 0.7783
   2094 0.8221
   2095 0.8141
   2096 0.7992
   2111 0.7654
   2112 0.8419
   2115 0.7942
   2117 0.8072
   2125 0.8459
   2129 0.8231
   2134 0.8032
   2137 0.8091
   2140 0.7565
   2145 0.8241
   2150 0.7386
   2151 0.828
   2152 0.7982
   2155 0.826
   2166 0.7604
   2168 0.8042
   2171 0.7922
   2174 0.7773
   2177 0.7932
   2182 0.7684
   2184 0.8111
   2189 0.7584
   2195 0.7883
   2197 0.7903
   2202 0.7704
   2210 0.7396
   2212 0.8002
   2214 0.7694
   2220 0.7853
   2221 0.7594
   2222 0.7863
   2227 0.7535
   2228 0.7753
   2232 0.7326
   2234 0.7763
   2235 0.7873
   2239 0.7724
   2241 0.7048
   2251 0.8151
   2257 0.7962
   2259 0.8101
   2261 0.7505
   2264 0.7734
   2267 0.7803
   2268 0.7356
   2271 0.7495
   2276 0.8121
   2279 0.8012
   2285 0.7823
   2287 0.7575
   2297 0.7316
   2303 0.7674
   2319 0.7107
   2323 0.7207
   2329 0.7664
   2336 0.6928
   2339 0.7515
   2340 0.7306
   2354 0.7117
   2362 0.7893
   2368 0.7237
   2388 0.7366
   2395 0.7634
   2397 0.7266
   2398 0.7187
   2409 0.7256
   2416 0.7555
   2417 0.7475
   2424 0.7217
   2425 0.6899
   2429 0.7416
   2433 0.7833
   2439 0.7455
   2446 0.7445
   2451 0.7843
   2454 0.7276
   2462 0.7127
   2463 0.7157
   2472 0.6382
   2473 0.6789
   2474 0.7624
   2476 0.6998
   2478 0.7435
   2489 0.7247
   2491 0.7068
   2495 0.7227
   2497 0.7714
   2503 0.7008
   2505 0.7793
   2512 0.6918
   2522 0.7346
   2530 0.7097
   2535 0.7545
   2537 0.7197
   2542 0.7137
   2543 0.664
   2547 0.6849
   2549 0.7087
   2550 0.6948
   2553 0.674
   2555 0.6988
   2559 0.7028
   2560 0.7078
   2564 0.6978
   2568 0.7018
   2569 0.7525
   2570 0.6859
   2574 0.665
   2579 0.7376
   2589 0.6968
   2591 0.7167
   2593 0.6392
   2602 0.7286
   2621 0.6521
   2630 0.6799
   2639 0.666
   2661 0.6829
   2662 0.6074
   2668 0.663
   2672 0.6839
   2679 0.7296
   2684 0.7147
   2690 0.671
   2693 0.6869
   2696 0.6938
   2698 0.6163
   2714 0.7177
   2743 0.6909
   2744 0.6511
   2747 0.6083
   2748 0.6958
   2751 0.6779
   2753 0.7058
   2760 0.66
   2762 0.6004
   2766 0.669
   2768 0.672
   2775 0.6561
   2778 0.6819
   2780 0.6412
   2784 0.6262
   2790 0.6421
   2795 0.6879
   2798 0.6471
   2807 0.6402
   2811 0.6431
   2814 0.67
   2830 0.6541
   2832 0.6501
   2833 0.659
   2837 0.6461
   2839 0.7038
   2841 0.6064
   2842 0.6581
   2848 0.667
   2852 0.6372
   2857 0.5954
   2867 0.5795
   2876 0.662
   2877 0.6571
   2886 0.5964
   2890 0.6233
   2895 0.661
   2897 0.6481
   2899 0.6759
   2901 0.6451
   2907 0.6362
   2922 0.5805
   2927 0.668
   2928 0.6054
   2932 0.6531
   2933 0.5974
   2936 0.6123
   2938 0.6282
   2943 0.6769
   2944 0.5825
   2952 0.6183
   2963 0.6143
   2972 0.5835
   2974 0.6173
   2978 0.6441
   2981 0.6014
   2982 0.6203
   2984 0.5736
   2993 0.6093
   2994 0.5586
   2995 0.6113
   2996 0.5944
   3000 0.5895
   3001 0.5746
   3002 0.5875
   3014 0.6133
   3019 0.5388
   3031 0.5845
   3033 0.6302
   3045 0.5915
   3046 0.5984
   3049 0.6252
   3052 0.6551
   3055 0.5596
   3061 0.5686
   3062 0.6103
   3064 0.5934
   3067 0.5815
   3076 0.5706
   3081 0.5656
   3115 0.6213
   3118 0.6243
   3121 0.6044
   3123 0.5457
   3124 0.5288
   3125 0.6024
   3132 0.5924
   3134 0.6332
   3140 0.5557
   3149 0.5885
   3151 0.5537
   3156 0.5567
   3167 0.5398
   3168 0.5994
   3170 0.5676
   3175 0.5775
   3181 0.5785
   3193 0.5577
   3194 0.5507
   3205 0.5905
   3207 0.5855
   3209 0.5368
   3210 0.6342
   3216 0.5547
   3226 0.5666
   3229 0.5696
   3235 0.5716
   3242 0.6292
   3253 0.5298
   3256 0.5258
   3262 0.5278
   3274 0.5765
   3280 0.5467
   3282 0.5348
   3283 0.502
   3291 0.5378
   3292 0.5487
   3299 0.499
   3324 0.5318
   3338 0.5408
   3351 0.5427
   3359 0.5726
   3368 0.5606
   3371 0.5646
   3381 0.5477
   3393 0.5179
   3401 0.5249
   3405 0.5189
   3406 0.5497
   3411 0.5209
   3412 0.5129
   3419 0.506
   3435 0.5636
   3458 0.5159
   3485 0.501
   3489 0.505
   3498 0.504
   3514 0.498
   3520 0.5229
   3521 0.5358
   3529 0.5199
   3534 0.5417
   3550 0.4692
   3566 0.507
   3582 0.4702
   3586 0.4811
   3588 0.5338
   3591 0.5239
   3592 0.497
   3601 0.4821
   3631 0.5169
   3632 0.4801
   3636 0.4771
   3646 0.4652
   3650 0.4871
   3656 0.5089
   3660 0.503
   3665 0.4781
   3675 0.5219
   3678 0.4851
   3686 0.4563
   3688 0.4791
   3692 0.4682
   3697 0.5109
   3702 0.4543
   3703 0.5149
   3705 0.5
   3717 0.005
   3719 0.4722
   3721 0.495
   3740 0.4841
   3746 0.5119
   3761 0.4891
   3763 0.4732
   3766 0.493
   3771 0.4861
   3773 0.4831
   3791 0.4612
   3797 0.4394
   3815 0.4761
   3816 0.508
   3837 0.4672
   3840 0.496
   3847 0.5139
   3849 0.4632
   3858 0.4642
   3860 0.4583
   3869 0.4354
   3874 0.492
   3880 0.5099
   3889 0.4712
   3901 0.4294
   3905 0.4901
   3936 0.4602
   3954 0.4592
   3961 0.4622
   3965 0.4414
   3969 0.4742
   3971 0.4225
   3979 0.4433
   3980 0.494
   3987 0.4533
   3998 0.4364
   4003 0.4085
   4012 0.4453
   4014 0.4473
   4015 0.4483
   4016 0.4423
   4019 0.4284
   4021 0.4911
   4026 0.4662
   4057 0.4344
   4075 0.4553
   4080 0.4264
   4100 0.4185
   4106 0.4195
   4130 0.4274
   4138 0.4493
   4146 0.4304
   4170 0.3966
   4179 0.4254
   4187 0.4125
   4204 0.4145
   4211 0.4334
   4235 0.4235
   4240 0.4523
   4245 0.4384
   4250 0.4245
   4265 0.4056
   4283 0.3917
   4291 0.3907
   4296 0.4076
   4307 0.4443
   4313 0.3956
   4318 0.4215
   4344 0.3936
   4345 0.4165
   4361 0.4066
   4362 0.3807
   4368 0.3926
   4369 0.4374
   4378 0.4205
   4380 0.3887
   4393 0.4095
   4411 0.3827
   4416 0.3728
   4428 0.4046
   4436 0.3867
   4439 0.4105
   4442 0.3678
   4447 0.3588
   4456 0.4135
   4459 0.3738
   4463 0.3847
   4469 0.3996
   4480 0.3757
   4482 0.4036
   4511 0.3857
   4515 0.4175
   4521 0.3748
   4532 0.3708
   4534 0.4314
   4539 0.3976
   4563 0.3598
   4575 0.3638
   4586 0.3817
   4591 0.3668
   4599 0.3897
   4603 0.3658
   4610 0.3986
   4618 0.3529
   4625 0.3579
   4626 0.3837
   4639 0.3569
   4684 0.4006
   4710 0.3718
   4712 0.3608
   4714 0.3459
   4720 0.3767
   4738 0.3688
   4740 0.3698
   4741 0.3797
   4746 0.4026
   4750 0.3509
   4757 0.3241
   4761 0.3618
   4763 0.3549
   4777 0.3181
   4789 0.3519
   4798 0.3469
   4809 0.333
   4816 0.3439
   4828 0.3539
   4836 0.3449
   4846 0.3559
   4852 0.3499
   4856 0.33
   4880 0.3171
   4906 0.339
   4920 0.3628
   4922 0.326
   4930 0.3648
   4945 0.331
   4964 0.328
   4969 0.341
   4977 0.332
   5012 0.3489
   5033 0.334
   5047 0.325
   5060 0.338
   5069 0.336
   5083 0.3479
   5085 0.3022
   5089 0.34
   5136 0.3191
   5143 0.3151
   5146 0.3161
   5162 0.335
   5186 0.327
   5195 0.3201
   5199 0.337
   5212 0.3211
   5216 0.3429
   5246 0.3419
   5251 0.3101
   5290 0.3072
   5335 0.3082
   5350 0.3221
   5357 0.3231
   5360 0.329
   5363 0.3032
   5381 0.3052
   5398 0.3062
   5406 0.3131
   5418 0.2873
   5419 0.3012
   5451 0.3002
   5476 0.2913
   5500 0.3141
   5506 0.3091
   5514 0.3042
   5557 0.2893
   5561 0.2942
   5602 0.2932
   5621 0.2992
   5641 0.3111
   5643 0.2972
   5646 0.3121
   5665 0.2982
   5691 0.2962
   5703 0.2922
   5715 0.2853
   5727 0.2863
   5730 0.2883
   5808 0.006
   5838 0.2813
   5852 0.2694
   5856 0.2644
   5860 0.2773
   5913 0.2903
   5922 0.2604
   5933 0.2614
   5950 0.2823
   5963 0.2565
   5979 0.2744
   6006 0.2803
   6026 0.2654
   6044 0.2734
   6047 0.2793
   6052 0.2684
   6091 0.2594
   6092 0.2664
   6095 0.2624
   6108 0.2763
   6118 0.2714
   6122 0.2753
   6130 0.2704
   6189 0.2674
   6200 0.2584
   6204 0.2386
   6219 0.2545
   6223 0.2515
   6244 0.2425
   6259 0.2833
   6290 0.2525
   6301 0.2575
   6330 0.2634
   6361 0.2724
   6379 0.2535
   6383 0.2555
   6399 0.2445
   6404 0.2485
   6409 0.2416
   6434 0.2366
   6440 0.2465
   6442 0.2435
   6461 0.2495
   6470 0.2256
   6491 0.2475
   6494 0.2843
   6514 0.2306
   6517 0.2505
   6525 0.2376
   6543 0.2356
   6567 0.2247
   6583 0.2276
   6587 0.2346
   6599 0.2286
   6605 0.2207
   6656 0.2296
   6658 0.2336
   6672 0.2316
   6731 0.2266
   6739 0.2455
   6839 0.2058
   6860 0.2326
   6953 0.2217
   6999 0.2078
   7006 0.2406
   7041 0.2048
   7050 0.2237
   7052 0.2157
   7059 0.1998
   7066 0.2147
   7088 0.2197
   7096 0.2127
   7123 0.1948
   7155 0.2097
   7158 0.1958
   7216 0.2137
   7263 0.2087
   7270 0.2187
   7273 0.2167
   7278 0.2396
   7309 0.1988
   7320 0.2117
   7411 0.2107
   7429 0.2068
   7458 0.2038
   7474 0.1968
   7565 0.2028
   7628 0.1928
   7643 0.1978
   7662 0.2177
   7676 0.2018
   7686 0.1918
   7698 0.1759
   7738 0.2008
   7833 0.1889
   7917 0.1819
   7990 0.1869
   8070 0.1799
   8089 0.1909
   8093 0.1938
   8094 0.175
   8119 0.1779
   8149 0.174
   8157 0.1879
   8165 0.1849
   8175 0.17
   8178 0.1789
   8182 0.1859
   8271 0.1809
   8399 0.1769
   8415 0.1829
   8438 0.172
   8452 0.1571
   8470 0.1899
   8482 0.1839
   8491 0.171
   8518 0.169
   8528 0.173
   8545 0.163
   8549 0.1551
   8599 0.161
   8698 0.1561
   8728 0.1541
   8776 0.1581
   8830 0.1501
   8838 0.168
   8843 0.1531
   8854 0.167
   8882 0.1451
   8964 0.16
   9021 0.1372
   9025 0.162
   9049 0.1471
   9059 0.1521
   9068 0.166
   9097 0.164
   9172 0.1392
   9173 0.1421
   9183 0.1382
   9217 0.1511
   9227 0.1441
   9229 0.159
   9241 0.1461
   9311 0.007
   9409 0.1431
   9486 0.1491
   9595 0.1412
   9600 0.1362
   9623 0.1402
   9691 0.1481
   9706 0.1332
   9893 0.1342
   9909 0.1352
   9972 0.1292
  10003 0.1282
  10011 0.1322
  10322 0.1262
  10427 0.1272
  10444 0.1302
  10487 0.1153
  10499 0.1203
  10500 0.1243
  10598 0.1233
  10629 0.1193
  10664 0.1213
  10685 0.1183
  10789 0.1252
  10797 0.1223
  10824 0.1312
  10832 0.1143
  10894 0.1173
  11117 0.1163
  11332 0.1024
  11337 0.1133
  11363 0.1044
  11369 0.1113
  11400 0.1103
  11484 0.1123
  11486 0.1083
  11664 0.1093
  11721 0.1054
  11776 0.1034
  11925 0.1064
  11983 0.1074
  11993 0.0994
  12017 0.0954
  12018 0.0984
  12121 0.0915
  12145 0.1014
  12181 0.008
  12306 0.1004
  12391 0.0974
  12446 0.0895
  12533 0.0905
  12766 0.0924
  12843 0.0865
  12902 0.0944
  13018 0.0875
  13079 0.0934
  13080 0.0964
  13178 0.0885
  13195 0.0845
  13505 0.0835
  13588 0.0825
  13745 0.0775
  13795 0.0855
  13798 0.0805
  13894 0.0815
  13940 0.0755
  13959 0.0785
  14138 0.0795
  14309 0.0765
  14364 0.0736
  14566 0.0746
  15049 0.0716
  15192 0.0726
  15257 0.0676
  15278 0.0089
  15385 0.0686
  15398 0.0706
  15926 0.0646
  15934 0.0696
  16054 0.0656
  16066 0.0666
  16809 0.0636
  16942 0.0616
  17249 0.0626
  17549 0.0577
  17665 0.0586
  18247 0.0567
  18271 0.0537
  18278 0.0547
  18552 0.0477
  18725 0.0557
  18734 0.0517
  19007 0.0099
  19233 0.0527
  19582 0.0497
  19829 0.0507
  19861 0.0487
  20006 0.0467
  20489 0.0447
  20620 0.0457
  21270 0.0437
  21852 0.0427
  22046 0.0417
  22553 0.0408
  23139 0.0109
  23766 0.0398
  24090 0.0388
  24410 0.0378
  24539 0.0358
  25283 0.0348
  25366 0.0368
  25700 0.0338
  26085 0.0119
  27352 0.0328
  27592 0.0318
  27765 0.0129
  28386 0.0308
  29479 0.0139
  29803 0.0298
  30283 0.0288
  30651 0.0278
  31455 0.0268
  31487 0.0149
  32050 0.0239
  32140 0.0249
  32353 0.0258
  33124 0.0229
  33188 0.0189
  33423 0.0159
  33463 0.0179
  33493 0.0199
  33600 0.0169
  33758 0.0209
  33914 0.0219
